0.0	-0.009858637043318935	NaN	NaN
0.016744444444444527	-0.012561984741813359	-0.23063920074366892	NaN
0.033488888888889054	-0.01758248761044587	-0.37722694831665604	-8.732698026870809
0.05024444444444452	-0.025199087510421353	-0.5252027371037825	-7.809935953802604
0.06698888888888906	-0.035176779303422556	-0.6413958734703424	-8.039570693107594
0.08374444444444452	-0.04668584927167782	-0.7839008880037426	-9.56398562090586
0.1004777777777781	-0.06142874904168133	-0.97046414018719	-10.108295170620005
0.11722222222222263	-0.07917483209816706	-1.124665654096454	-12.241434116634736
0.1339777777777781	-0.09910504845391255	-1.3610084364790431	-7.648358501760613
0.15072222222222262	-0.12476861472021497	-1.4348320944042292	-7.231175310755474
0.16746666666666715	-0.14715598103762775	-1.5245091003044924	-7.929110734638817
0.1842111111111117	-0.1758227305904124	-1.7609302976780126	-12.507196330029767
0.2009555555555544	-0.20612758011764185	-1.9139219124686084	-9.317091265781452
0.2177333333333354	-0.23998164625616844	-2.0863362858600856	-11.50547326772036
0.2344555555555544	-0.27601984569395477	-2.287208682079051	54.841292108793304
0.2512000000000007	-0.3165268968164109	-0.5462144904833983	98.79505556906035
0.26794444444444526	-0.29431196207525545	1.5438175465509614	72.22392506733924
0.28468888888888977	-0.2648261625352485	1.678848730028042	-1.4930766835972427
0.30144444444444524	-0.2380705296193161	1.458805449878733	-9.59521339311838
0.3181888888888898	-0.21595617996431085	1.3288501783403521	-9.035971387321133
0.3349333333333325	-0.19356881364689807	1.1980134141462897	-10.707701902465388
0.35168888888888794	-0.1758227305904124	0.9453711295303522	-11.959251475480123
0.3684333333333325	-0.1618988808076313	0.7907881429386506	-9.873335520454
0.38517777777777884	-0.14934011433688751	0.6358914963836582	-8.624646763992686
0.40192222222222335	-0.14060358113984842	0.4809948498287164	-11.267683675538684
0.4186666666666661	-0.13323213125484665	0.28533592786449463	-10.985824029802215
0.4354111111111106	-0.13104799795558683	0.08149751116640981	-10.568640838797037
0.45216666666666605	-0.13050196463077193	-0.048898506699845794	-7.509297438092163
0.4689111111111106	-0.1326860979300317	-0.1793540118005285	-9.17803020211223
0.4856555555555551	-0.13650833120373632	-0.34240311343735685	-8.624646763992686
0.5024000000000014	-0.14415279775114556	-0.48914730491053227	-11.40300722080613
0.5191444444444442	-0.15288933094818466	-0.692728844914481	-11.82019041181178
0.5359000000000015	-0.16735921405578072	-0.9209218761804308	-11.263946157138989
0.5526444444444442	-0.18374021380022906	-1.0516667055577018	-10.151457647791243
0.5693888888888887	-0.2025783635063447	-1.2554780826037018	-8.065541692766086
0.5861333333333332	-0.22578477981097986	-1.3528586853624027	-10.56864083879646
0.6028888888888887	-0.24789912946598516	-1.5484527121617813	-12.515495730153031
0.6196333333333333	-0.27765794566839963	-1.8343023934143958	20.421647884804017
0.6363777777777796	-0.3093278785076665	-0.9773218276435455	74.25860799890773
0.6531555555555569	-0.31041994515729643	0.7986756094308161	70.08677608886074
0.6698777777777796	-0.2825722455917342	1.5092056537465481	19.60760997724181
0.6866222222222222	-0.2599118626119139	1.296240358012985	-13.502357242401063
0.7033666666666668	-0.239162596268946	1.0842765258850116	-10.711254852056
0.7201111111111114	-0.2236006465117201	0.9049225140844863	-9.03896913844425
0.7368555555555558	-0.20885774674171656	0.806825360547457	-9.595213393117872
0.7536111111111113	-0.19657199693338026	0.5867820803981506	-12.321793209035569
0.7703555555555558	-0.18920054704837855	0.37253838398937933	-11.796772644333203
0.7871000000000004	-0.18409610038511368	0.20733676302739254	-9.484774045256339
0.8038444444444449	-0.18225706922877224	0.04574704369008589	-9.105882503222135
0.8206000000000003	-0.18256357442149582	-0.09152444374625751	-9.054870091670354
0.8373333333333322	-0.1853221211560079	-0.25626844248950953	-9.054870091670862
0.8540888888888895	-0.19114571981775566	-0.40257398447274473	-8.433193603313796
0.8708333333333321	-0.1988083496358448	-0.530841773728272	-9.364000414174589
0.8875777777777785	-0.2089230209957225	-0.7136538815652811	-13.426186687649356
0.904333333333334	-0.222715754668283	-0.9789867349678084	-14.206778936930418
0.9210777777777784	-0.24171907661714406	-1.208122657450547	-11.240528389659833
0.937822222222223	-0.2631744401077937	-1.3454093230699233	-10.151066374359804
0.9545666666666676	-0.28677533994750826	-1.5376106549371404	24.362559298462198
0.9713111111111102	-0.31466731248535273	-0.6955857724715262	66.19422273911165
0.9880555555555566	-0.31006973459449927	0.8874926475876403	57.2954710972939
1.0048111111111102	-0.2849363087911668	1.290066632060377	10.147699240664554
1.0215555555555567	-0.2668525024204764	1.0799884362057308	-12.797467232706024
1.038300000000001	-0.2487686960497861	0.9149408738016912	-10.928291489946337
1.0550555555555565	-0.23620198314811988	0.6770562466132504	-9.679343891096432
1.0718000000000012	-0.22608731178824218	0.5949088843506775	-11.080733823440571
1.0885444444444439	-0.2162791456210881	0.3476775320446428	-13.11830116071114
1.105300000000001	-0.21444011446474673	0.09152444374625666	-12.489475988511604
1.1220333333333328	-0.21321409369385239	-0.027457333123874567	-7.962040942675437
1.1387888888888884	-0.2153596300429174	-0.1921375834983462	-7.9646828475743385
1.1555333333333346	-0.21965070274104728	-0.2928782199879947	-7.493685593106604
1.172277777777779	-0.22516779621007146	-0.4301648856074115	-12.021120638941316
1.189022222222222	-0.23405644679905488	-0.6953550640892847	-10.303817690522221
1.2057777777777792	-0.24846219085706253	-0.8142973776835094	-10.147699240665597
1.2225222222222218	-0.26133540895145224	-0.970159103710336	-12.489475988510941
1.2392666666666665	-0.2809517412857605	-1.2813422124475478	-2.4987240306114704
1.256011111111111	-0.3042461359327515	-1.0982933249549884	NaN
1.2727555555555572	-0.31773236441258845	NaN	NaN
